Optimize a Clifford + T circuit.
Input filename = t-par/Benchmarks/gf2^9_mult.tfc
Number of unknown gates = 0
Number of unknown qubit labels = 0
Circuit filename: t-par/Benchmarks/gf2^9_mult.tfc

n 27
n_x 27
n_y 0
n_z 0
m 201
[0] = H 19
[1] = H 20
[2] = H 21
[3] = H 22
[4] = H 23
[5] = H 24
[6] = H 25
[7] = H 26
[8] = CCZ 9 11 19
[9] = CCZ 8 12 19
[10] = CCZ 7 13 19
[11] = CCZ 6 14 19
[12] = CCZ 5 15 19
[13] = CCZ 4 16 19
[14] = CCZ 3 17 19
[15] = CCZ 2 18 19
[16] = CCZ 9 12 20
[17] = CCZ 8 13 20
[18] = CCZ 7 14 20
[19] = CCZ 6 15 20
[20] = CCZ 5 16 20
[21] = CCZ 4 17 20
[22] = CCZ 3 18 20
[23] = CCZ 9 13 21
[24] = CCZ 8 14 21
[25] = CCZ 7 15 21
[26] = CCZ 6 16 21
[27] = CCZ 5 17 21
[28] = CCZ 4 18 21
[29] = CCZ 9 14 22
[30] = CCZ 8 15 22
[31] = CCZ 7 16 22
[32] = CCZ 6 17 22
[33] = CCZ 5 18 22
[34] = CCZ 9 15 23
[35] = CCZ 8 16 23
[36] = CCZ 7 17 23
[37] = CCZ 6 18 23
[38] = CCZ 9 16 24
[39] = CCZ 8 17 24
[40] = CCZ 7 18 24
[41] = CCZ 9 17 25
[42] = CCZ 8 18 25
[43] = CCZ 9 18 26
[44] = H 19
[45] = H 20
[46] = H 21
[47] = H 22
[48] = H 23
[49] = H 24
[50] = H 25
[51] = H 26
[52] = CNOT 21 26
[53] = CNOT 20 25
[54] = CNOT 19 24
[55] = CNOT 27 23
[56] = CNOT 26 22
[57] = CNOT 25 21
[58] = CNOT 24 20
[59] = CNOT 23 19
[60] = H 19
[61] = H 20
[62] = H 21
[63] = H 22
[64] = H 23
[65] = H 24
[66] = H 25
[67] = H 26
[68] = H 27
[69] = CCZ 9 10 27
[70] = CCZ 8 11 27
[71] = CCZ 7 12 27
[72] = CCZ 6 13 27
[73] = CCZ 5 14 27
[74] = CCZ 4 15 27
[75] = CCZ 3 16 27
[76] = CCZ 2 17 27
[77] = CCZ 1 18 27
[78] = CCZ 8 10 26
[79] = CCZ 7 11 26
[80] = CCZ 6 12 26
[81] = CCZ 5 13 26
[82] = CCZ 4 14 26
[83] = CCZ 3 15 26
[84] = CCZ 2 16 26
[85] = CCZ 1 17 26
[86] = CCZ 7 10 25
[87] = CCZ 6 11 25
[88] = CCZ 5 12 25
[89] = CCZ 4 13 25
[90] = CCZ 3 14 25
[91] = CCZ 2 15 25
[92] = CCZ 1 16 25
[93] = CCZ 6 10 24
[94] = CCZ 5 11 24
[95] = CCZ 4 12 24
[96] = CCZ 3 13 24
[97] = CCZ 2 14 24
[98] = CCZ 1 15 24
[99] = CCZ 5 10 23
[100] = CCZ 4 11 23
[101] = CCZ 3 12 23
[102] = CCZ 2 13 23
[103] = CCZ 1 14 23
[104] = CCZ 4 10 22
[105] = CCZ 3 11 22
[106] = CCZ 2 12 22
[107] = CCZ 1 13 22
[108] = CCZ 3 10 21
[109] = CCZ 2 11 21
[110] = CCZ 1 12 21
[111] = CCZ 2 10 20
[112] = CCZ 1 11 20
[113] = CCZ 1 10 19
[114] = H 19
[115] = H 20
[116] = H 21
[117] = H 22
[118] = H 23
[119] = H 24
[120] = H 25
[121] = H 26
[122] = H 27

Algorithm used: todd_exp_1000

UniversalOptimize begin.
	Gate synthesis begin.
A_BMS
BMSparse object. Dims: 44x351
15443 4210 4207 4206 2450 3853 15084 2448 2092 2091 4547 4546 2088 15074 15073 4192 4191 15071 4190 3836 3835 3834 3482 2426 6284 7686 7685 6280 7683 7330 1714 7329 5925 5924 7327 5923 6972 5568 5567 6970 5566 5214 6616 5212 5211 6614 5210 2079 15387 4855 1696 15384 4854 1694 4501 4500 1692 4499 14677 14676 1687 1686 3791 3790 1683 14318 2033 15426 14317 4545 3436 3435 2031 3434 2030 1327 7293 7292 6239 6238 1324 6237 6937 5884 5883 1320 5882 5529 5528 7689 6580 5527 15354 1314 15353 5174 15351 1311 1691 14999 1690 14998 4819 5927 4818 1308 1688 14996 4817 1307 1306 4463 1304 14641 1303 14289 1302 2089 14288 4109 4108 2087 14286 4107 13450 14712 3622 815 3971 15386 13168 13797 813 5141 3969 809 807 4316 806 3850 6068 2822 3849 6067 1712 2821 13437 13436 452 13783 8148 14315 5443 5003 2195 3277 2838 814 1148 7802 3478 5696 1909 2186 15440 4350 563 8151 7594 2189 5002 566 6043 2182 5969 2453 13543 7592 2187 4351 6617 2181 2425 1316 14624 2531 14815 2530 4694 14814 14321 3231 13784 14812 1152 6697 15428 14319 3229 3578 2496 3577 872 14536 15159 7044 3257 2446 228 13536 871 2523 4692 2522 2495 3604 5173 7391 1310 6855 6382 13434 15286 4318 531 14718 2519 6279 7388 4683 896 238 4145 818 6729 237 13781 4043 4272 4271 14715 2516 893 3851 6069 4270 3624 2515 892 2194 3276 5968 7077 5071 14268 2503 13864 1962 3789 6007 2445 14644 13535 551 7424 15029 2830 125 6005 549 7455 1720 2829 124 5623 1719 2828 8779 7771 7230 4582 3925 2816 5351 2524 13452 4580 15161 1716 2825 4144 817 4929 6727 1703 13902 7951 3480 5698 13799 4927 14713 3623 2514 8465 3886 2824 15429 3230 8775 13103 4317 14717 2518 895 15285 1977 14921 6730 5621 810 4056 14322 8777 1717 2826 13903 2813 2272 2085 3194 15162 14719 2520 3602 4684 1979 8431 4235 4462 2244 811 4057 5139 8778 15128 3970 6973 8082 5350 6459 13453 4581 3192 487 5276 5817 13148 2834 1146 6583 3256 5474 8085 7735 2190 6383 14146 5274 5815 7737 8118 8432 2844 1145 6975 8084 6461 7041 8150 1705 3923 2814 529 4965 4424 6694 1149 5004 2840 15283 13105 4233 14144 7111 2836 1684 7229 7804 1150 13106 4234 2837 15129 6473 6418 1711 2820 3887 3888 5073 6858 204 2506 1695 12785 6834 1965 4928 13800 1911 6347 485 14902 831 15126 4966 14163 4425 2084 3193 2845 6350 8464 1323 12413 3541 5759 6841 2808 8462 6696 7805 15081 6209 5100 6006 7043 8152 3283 7457 5658 8115 3603 6281 5172 7390 3576 4685 6349 7458 4780 3671 15031 2832 127 4550 5659 15032 2833 5660 8117 6938 2502 2191 14147 5275 5816 4856 7074 6582 5473 3255 550 7110 2504 13865 14162 1963 7738 2193 3275 4858 5967 7076 6421 1985 5312 2526 5853 2527 5854 451 4779 2507 4423 5622 7421 2498 4716 2508 12787 182 4618 6836 7423 2500 4718 7108 454 14520 184 6838 834 484 14901 1322 12412 3540 5758 6840 4146 819 821 14160 472 14538 474 2428 1319 14627 12409 5349 6458 3284 3285 5757 3539 12411 14674 4693 14522 14523 3292 15437 5456 12769 2184 3293 5457 3294 12771 7227 12772 5570 2243 15439 4349 7595 6455 6457 4464 2246 843 844 846 496 1578 2841 5059 6042 497 2842 5060 5061 6044 499 14539 149 3659 150 3660 3661 3479 5697 152 1698 12788 4619 6837 1908 6471 6935 2499 4717 6474 859 832 1941 14899 860 1942 7290 5072 1312 6857 203 862 6380 1944 512 513 4781 3672 3673 13150 515 13151 2271 2510 5837 4728 5839 2512 4730 2274 1700 2809 6136 2080 13170 6462 15334 2811 6138 13171 874 1577 7768 3332 13862 3333 2197 4415 7770 3334 4416 5498 471 1580 4964 528 5442 14919 5444 14922 4617 181 4042 4044 6208 2082 13172 15336 6210 5101 15083 8429 5102 2451 13541 233 5455 546 547 4058 5140 5313 15294 553 4205 1987 15295 4417 5499 1315 206 1318 14626 5472 1701 6137 13900 14982 565 216 1706 3924 13905 1300 7954 1326 217 1708 2817 13907 219 2818 13908 13909 1976 14710 2511 4729 5838 13533 225 14265 14643 226 14267 6420 5311 15292 1984 6196 245 6197 6198 1299 7953 234 5500 2454 13544 236 562 14979 2528 5855 14981 240 241 242 244 15337 

[Experimental TODD] Flags - Packed: 1, AA Table: 0, Memo: 0, Sketch: 0 (margin=20)
--- Round 0 | Current Columns: 351 ---
  [HIT!] Pair(1,37) Dist=1 | 351 -> 347 columns
Round 0 Finished in 14 ms.
--- Round 1 | Current Columns: 347 ---
  [HIT!] Pair(1,35) Dist=1 | 347 -> 341 columns
Round 1 Finished in 11 ms.
--- Round 2 | Current Columns: 341 ---
  [HIT!] Pair(1,37) Dist=1 | 341 -> 335 columns
Round 2 Finished in 11 ms.
--- Round 3 | Current Columns: 335 ---
  [HIT!] Pair(1,74) Dist=1 | 335 -> 329 columns
Round 3 Finished in 12 ms.
--- Round 4 | Current Columns: 329 ---
  [HIT!] Pair(1,193) Dist=1 | 329 -> 326 columns
Round 4 Finished in 12 ms.
--- Round 5 | Current Columns: 326 ---
  [HIT!] Pair(1,193) Dist=1 | 326 -> 322 columns
Round 5 Finished in 10 ms.
--- Round 6 | Current Columns: 322 ---
  [HIT!] Pair(4,201) Dist=1 | 322 -> 320 columns
Round 6 Finished in 15 ms.
--- Round 7 | Current Columns: 320 ---
  [HIT!] Pair(39,53) Dist=1 | 320 -> 318 columns
Round 7 Finished in 63 ms.
--- Round 8 | Current Columns: 318 ---
  [HIT!] Pair(89,187) Dist=1 | 318 -> 316 columns
Round 8 Finished in 143 ms.
--- Round 9 | Current Columns: 316 ---
  [HIT!] Pair(76,101) Dist=1 | 316 -> 314 columns
Round 9 Finished in 132 ms.
--- Round 10 | Current Columns: 314 ---
  [HIT!] Pair(4,39) Dist=1 | 314 -> 312 columns
Round 10 Finished in 15 ms.
--- Round 11 | Current Columns: 312 ---
  [HIT!] Pair(174,187) Dist=1 | 312 -> 310 columns
Round 11 Finished in 257 ms.
--- Round 12 | Current Columns: 310 ---
  [HIT!] Pair(4,297) Dist=2 | 310 -> 308 columns
Round 12 Finished in 494 ms.
--- Round 13 | Current Columns: 308 ---
  [HIT!] Pair(136,230) Dist=2 | 308 -> 306 columns
Round 13 Finished in 1451 ms.
--- Round 14 | Current Columns: 306 ---
